        162        162
         1         -0.8909593038          -0.0786862054           0.4472135955
         2         -0.2004865378          -0.8716680264           0.4472135955
         3          0.0000000000           0.0000000000           1.0000000000
         4          0.8909593038           0.0786862054          -0.4472135955
         5          0.2004865378           0.8716680264          -0.4472135955
         6          0.3501565946          -0.8230372770          -0.4472135955
         7          0.7670518092          -0.4600342618           0.4472135955
         8         -0.7670518092           0.4600342618          -0.4472135955
         9          0.0000000000           0.0000000000          -1.0000000000
        10          0.6745506270           0.5873512166           0.4472135955
        11         -0.6745506270          -0.5873512166          -0.4472135955
        12         -0.3501565946           0.8230372770           0.4472135955
        13         -0.7295096215           0.4375185824           0.5257311121
        14         -0.9745544804           0.2241507635           0.0000000000
        15         -0.9201836497          -0.3914869741           0.0000000000
        16         -0.6415357694          -0.5586042019           0.5257311121
        17         -0.5236927392          -0.0462505911           0.8506508084
        18         -0.5143339407          -0.8575899938           0.0000000000
        19          0.0879738521          -0.9961227843           0.0000000000
        20          0.3330187110          -0.7827549654           0.5257311121
        21         -0.1178430302          -0.5123536108           0.8506508084
        22          0.3964909105           0.3452363830           0.8506508084
        23         -0.2058168823           0.4837691735           0.8506508084
        24          0.4508617412          -0.2704013546           0.8506508084
        25          0.9201836497           0.3914869741           0.0000000000
        26          0.9745544804          -0.2241507635           0.0000000000
        27          0.7295096215          -0.4375185824          -0.5257311121
        28          0.5236927392           0.0462505911          -0.8506508084
        29          0.6415357694           0.5586042019          -0.5257311121
        30          0.5143339407           0.8575899938           0.0000000000
        31          0.1178430302           0.5123536108          -0.8506508084
        32         -0.3330187110           0.7827549654          -0.5257311121
        33         -0.0879738521           0.9961227843           0.0000000000
        34         -0.1906740282          -0.8290055565          -0.5257311121
        35          0.2058168823          -0.4837691735          -0.8506508084
        36          0.6566786235          -0.7541705281           0.0000000000
        37          0.8473526517           0.0748350284           0.5257311121
        38         -0.4508617412           0.2704013546          -0.8506508084
        39         -0.8473526517          -0.0748350284          -0.5257311121
        40         -0.6566786235           0.7541705281           0.0000000000
        41         -0.3964909105          -0.3452363830          -0.8506508084
        42          0.1906740282           0.8290055565           0.5257311121
        43         -0.8434663484           0.1827424714           0.5051432551
        44         -0.9690454298           0.0733970446           0.2357198099
        45         -0.9411818011          -0.2421011948           0.2357198099
        46         -0.7983820501          -0.3277444034           0.5051432551
        47         -0.7379905791          -0.0651765777           0.6716561016
        48         -0.1660650217          -0.7220114194           0.6716561016
        49         -0.4344438541          -0.7457136377           0.5051432551
        50         -0.3692562437          -0.8989360365           0.2357198099
        51         -0.0605892524          -0.9699304685           0.2357198099
        52          0.0649898290          -0.8605850417           0.5051432551
        53          0.2310548507          -0.1385736223           0.9630218103
        54          0.2031912220           0.1769246171           0.9630218103
        55         -0.1054757693           0.2479190491           0.9630218103
        56         -0.2683788324          -0.0237022183           0.9630218103
        57         -0.0603914710          -0.2625678257           0.9630218103
        58          0.7983820501           0.3277444034          -0.5051432551
        59          0.9411818011           0.2421011948          -0.2357198099
        60          0.9690454298          -0.0733970446          -0.2357198099
        61          0.8434663484          -0.1827424714          -0.5051432551
        62          0.7379905791           0.0651765777          -0.6716561016
        63          0.3692562437           0.8989360365          -0.2357198099
        64          0.4344438541           0.7457136377          -0.5051432551
        65          0.1660650217           0.7220114194          -0.6716561016
        66         -0.0649898290           0.8605850417          -0.5051432551
        67          0.0605892524           0.9699304685          -0.2357198099
        68          0.0868470176          -0.8586546962          -0.5051432551
        69          0.2900382396          -0.6817300791          -0.6716561016
        70          0.5584170720          -0.6580278608          -0.5051432551
        71          0.5210930903          -0.8203037014          -0.2357198099
        72          0.2296467686          -0.9442979047          -0.2357198099
        73          0.7408325207          -0.6289700689           0.2357198099
        74          0.9037355838          -0.3573488014           0.2357198099
        75          0.8385479733          -0.2041264026           0.5051432551
        76          0.6353567514          -0.3810510197           0.6716561016
        77          0.5749652804          -0.6436188454           0.5051432551
        78         -0.5749652804           0.6436188454          -0.5051432551
        79         -0.6353567514           0.3810510197          -0.6716561016
        80         -0.8385479733           0.2041264026          -0.5051432551
        81         -0.9037355838           0.3573488014          -0.2357198099
        82         -0.7408325207           0.6289700689          -0.2357198099
        83          0.0603914710           0.2625678257          -0.9630218103
        84          0.2683788324           0.0237022183          -0.9630218103
        85          0.1054757693          -0.2479190491          -0.9630218103
        86         -0.2031912220          -0.1769246171          -0.9630218103
        87         -0.2310548507           0.1385736223          -0.9630218103
        88          0.4532613197           0.7344279869           0.5051432551
        89          0.5587370890           0.4865089377           0.6716561016
        90          0.7897919397           0.3479353154           0.5051432551
        91          0.8271159214           0.5102111560           0.2357198099
        92          0.6191285600           0.7490767634           0.2357198099
        93         -0.6191285600          -0.7490767634          -0.2357198099
        94         -0.8271159214          -0.5102111560          -0.2357198099
        95         -0.7897919397          -0.3479353154          -0.5051432551
        96         -0.5587370890          -0.4865089377          -0.6716561016
        97         -0.4532613197          -0.7344279869          -0.5051432551
        98         -0.2296467686           0.9442979047           0.2357198099
        99         -0.5210930903           0.8203037014           0.2357198099
       100         -0.5584170720           0.6580278608           0.5051432551
       101         -0.2900382396           0.6817300791           0.6716561016
       102         -0.0868470176           0.8586546962           0.5051432551
       103         -0.7389477008           0.6174931387           0.2695524424
       104         -0.8927233180           0.3610907895           0.2695524424
       105         -0.6485012287           0.2146202028           0.7303316540
       106         -0.4947256115           0.4710225519           0.7303316540
       107         -0.9607746082           0.0652198824          -0.2695524424
       108         -0.9960073301          -0.0879636556          -0.0152247717
       109         -0.8574905961           0.5142743275           0.0152247717
       110         -0.7540831171          -0.6566025121           0.0152247717
       111         -0.8156182708          -0.5119651523           0.2695524424
       112         -0.9344721764          -0.2326010154          -0.2695524424
       113         -0.4045138430          -0.5504400294           0.7303316540
       114         -0.6008476888          -0.3249580433           0.7303316540
       115         -0.6192844249          -0.7374471383           0.2695524424
       116         -0.3951596413           0.2369943877           0.8875147988
       117         -0.3475061014          -0.3025838584           0.8875147988
       118         -0.3589234758          -0.8935968998          -0.2695524424
       119         -0.2241247837          -0.9744415260          -0.0152247717
       120         -0.0675510718          -0.9606135193          -0.2695524424
       121          0.3914415994          -0.9200769971           0.0152247717
       122          0.2348678876          -0.9339050038           0.2695524424
       123          0.5099844947          -0.8168581860           0.2695524424
       124          0.3984979249          -0.5548108497           0.7303316540
       125          0.1233813177          -0.6718576676           0.7303316540
       126          0.1803890593          -0.4240014966           0.8875147988
       127          0.4589926712           0.0405365222           0.8875147988
       128          0.6507991050           0.2075480669           0.7303316540
       129          0.2950904458           0.6160659899           0.7303316540
       130          0.1032840121           0.4490544452           0.8875147988
       131          0.0037180419           0.6830826094           0.7303316540
       132          0.6771015368          -0.0902728309           0.7303316540
       133          0.9344721764           0.2326010154           0.2695524424
       134          0.9960073301           0.0879636556           0.0152247717
       135          0.8156182708           0.5119651523          -0.2695524424
       136          0.7540831171           0.6566025121          -0.0152247717
       137          0.8574905961          -0.5142743275          -0.0152247717
       138          0.8927233180          -0.3610907895          -0.2695524424
       139          0.9607746082          -0.0652198824           0.2695524424
       140          0.4947256115          -0.4710225519          -0.7303316540
       141          0.6485012287          -0.2146202028          -0.7303316540
       142          0.7389477008          -0.6174931387          -0.2695524424
       143          0.3475061014           0.3025838584          -0.8875147988
       144          0.6008476888           0.3249580433          -0.7303316540
       145          0.3951596413          -0.2369943877          -0.8875147988
       146          0.6192844249           0.7374471383          -0.2695524424
       147          0.4045138430           0.5504400294          -0.7303316540
       148          0.2241247837           0.9744415260           0.0152247717
       149          0.3589234758           0.8935968998           0.2695524424
       150         -0.1803890593           0.4240014966          -0.8875147988
       151         -0.1233813177           0.6718576676          -0.7303316540
       152         -0.3984979249           0.5548108497          -0.7303316540
       153         -0.5099844947           0.8168581860          -0.2695524424
       154         -0.2348678876           0.9339050038          -0.2695524424
       155         -0.3914415994           0.9200769971          -0.0152247717
       156          0.0675510718           0.9606135193           0.2695524424
       157         -0.2950904458          -0.6160659899          -0.7303316540
       158         -0.0037180419          -0.6830826094          -0.7303316540
       159         -0.1032840121          -0.4490544452          -0.8875147988
       160         -0.4589926712          -0.0405365222          -0.8875147988
       161         -0.6771015368           0.0902728309          -0.7303316540
       162         -0.6507991050          -0.2075480669          -0.7303316540
