    0.5	    0.866025403784439
    1.5	    0.866025403784439
    2.5	    0.866025403784439
    3.5	    0.866025403784439
    4.5	    0.866025403784439
    5.5	    0.866025403784439
    6.5	    0.866025403784439
    7.5	    0.866025403784439
    8.5	    0.866025403784439
    9.5	    0.866025403784439
    10.5	    0.866025403784439
    11.5	    0.866025403784439
    12.5	    0.866025403784439
    13.5	    0.866025403784439
    14.5	    0.866025403784439
    15.5	    0.866025403784439
    16.5	    0.866025403784439
    17.5	    0.866025403784439
    18.5	    0.866025403784439
    19.5	    0.866025403784439
    20.5	    0.866025403784439
    21.5	    0.866025403784439
    22.5	    0.866025403784439
    23.5	    0.866025403784439
    24.5	    0.866025403784439
    25.5	    0.866025403784439
    26.5	    0.866025403784439
    27.5	    0.866025403784439
    28.5	    0.866025403784439
    29.5	    0.866025403784439
    30.5	    0.866025403784439
    31.5	    0.866025403784439
    32.5	    0.866025403784439
    33.5	    0.866025403784439
    34.5	    0.866025403784439
    35.5	    0.866025403784439
    36.5	    0.866025403784439
    37.5	    0.866025403784439
    38.5	    0.866025403784439
    39.5	    0.866025403784439
    1	    1.73205080756888
    2	    1.73205080756888
    3	    1.73205080756888
    4	    1.73205080756888
    5	    1.73205080756888
    6	    1.73205080756888
    7	    1.73205080756888
    8	    1.73205080756888
    9	    1.73205080756888
    10	    1.73205080756888
    11	    1.73205080756888
    12	    1.73205080756888
    13	    1.73205080756888
    14	    1.73205080756888
    15	    1.73205080756888
    16	    1.73205080756888
    17	    1.73205080756888
    18	    1.73205080756888
    19	    1.73205080756888
    20	    1.73205080756888
    21	    1.73205080756888
    22	    1.73205080756888
    23	    1.73205080756888
    24	    1.73205080756888
    25	    1.73205080756888
    26	    1.73205080756888
    27	    1.73205080756888
    28	    1.73205080756888
    29	    1.73205080756888
    30	    1.73205080756888
    31	    1.73205080756888
    32	    1.73205080756888
    33	    1.73205080756888
    34	    1.73205080756888
    35	    1.73205080756888
    36	    1.73205080756888
    37	    1.73205080756888
    38	    1.73205080756888
    39	    1.73205080756888
    40	    1.73205080756888
    0.5	    2.59807621135332
    1.5	    2.59807621135332
    2.5	    2.59807621135332
    3.5	    2.59807621135332
    4.5	    2.59807621135332
    5.5	    2.59807621135332
    6.5	    2.59807621135332
    7.5	    2.59807621135332
    8.5	    2.59807621135332
    9.5	    2.59807621135332
    10.5	    2.59807621135332
    11.5	    2.59807621135332
    12.5	    2.59807621135332
    13.5	    2.59807621135332
    14.5	    2.59807621135332
    15.5	    2.59807621135332
    16.5	    2.59807621135332
    17.5	    2.59807621135332
    18.5	    2.59807621135332
    19.5	    2.59807621135332
    20.5	    2.59807621135332
    21.5	    2.59807621135332
    22.5	    2.59807621135332
    23.5	    2.59807621135332
    24.5	    2.59807621135332
    25.5	    2.59807621135332
    26.5	    2.59807621135332
    27.5	    2.59807621135332
    28.5	    2.59807621135332
    29.5	    2.59807621135332
    30.5	    2.59807621135332
    31.5	    2.59807621135332
    32.5	    2.59807621135332
    33.5	    2.59807621135332
    34.5	    2.59807621135332
    35.5	    2.59807621135332
    36.5	    2.59807621135332
    37.5	    2.59807621135332
    38.5	    2.59807621135332
    39.5	    2.59807621135332
    1	    3.46410161513775
    2	    3.46410161513775
    3	    3.46410161513775
    4	    3.46410161513775
    5	    3.46410161513775
    6	    3.46410161513775
    7	    3.46410161513775
    8	    3.46410161513775
    9	    3.46410161513775
    10	    3.46410161513775
    11	    3.46410161513775
    12	    3.46410161513775
    13	    3.46410161513775
    14	    3.46410161513775
    15	    3.46410161513775
    16	    3.46410161513775
    17	    3.46410161513775
    18	    3.46410161513775
    19	    3.46410161513775
    20	    3.46410161513775
    21	    3.46410161513775
    22	    3.46410161513775
    23	    3.46410161513775
    24	    3.46410161513775
    25	    3.46410161513775
    26	    3.46410161513775
    27	    3.46410161513775
    28	    3.46410161513775
    29	    3.46410161513775
    30	    3.46410161513775
    31	    3.46410161513775
    32	    3.46410161513775
    33	    3.46410161513775
    34	    3.46410161513775
    35	    3.46410161513775
    36	    3.46410161513775
    37	    3.46410161513775
    38	    3.46410161513775
    39	    3.46410161513775
    40	    3.46410161513775
    0.5	    4.33012701892219
    1.5	    4.33012701892219
    2.5	    4.33012701892219
    3.5	    4.33012701892219
    4.5	    4.33012701892219
    5.5	    4.33012701892219
    6.5	    4.33012701892219
    7.5	    4.33012701892219
    8.5	    4.33012701892219
    9.5	    4.33012701892219
    10.5	    4.33012701892219
    11.5	    4.33012701892219
    12.5	    4.33012701892219
    13.5	    4.33012701892219
    14.5	    4.33012701892219
    15.5	    4.33012701892219
    16.5	    4.33012701892219
    17.5	    4.33012701892219
    18.5	    4.33012701892219
    19.5	    4.33012701892219
    20.5	    4.33012701892219
    21.5	    4.33012701892219
    22.5	    4.33012701892219
    23.5	    4.33012701892219
    24.5	    4.33012701892219
    25.5	    4.33012701892219
    26.5	    4.33012701892219
    27.5	    4.33012701892219
    28.5	    4.33012701892219
    29.5	    4.33012701892219
    30.5	    4.33012701892219
    31.5	    4.33012701892219
    32.5	    4.33012701892219
    33.5	    4.33012701892219
    34.5	    4.33012701892219
    35.5	    4.33012701892219
    36.5	    4.33012701892219
    37.5	    4.33012701892219
    38.5	    4.33012701892219
    39.5	    4.33012701892219
    1	    5.19615242270663
    2	    5.19615242270663
    3	    5.19615242270663
    4	    5.19615242270663
    5	    5.19615242270663
    6	    5.19615242270663
    7	    5.19615242270663
    8	    5.19615242270663
    9	    5.19615242270663
    10	    5.19615242270663
    11	    5.19615242270663
    12	    5.19615242270663
    13	    5.19615242270663
    14	    5.19615242270663
    15	    5.19615242270663
    16	    5.19615242270663
    17	    5.19615242270663
    18	    5.19615242270663
    19	    5.19615242270663
    20	    5.19615242270663
    21	    5.19615242270663
    22	    5.19615242270663
    23	    5.19615242270663
    24	    5.19615242270663
    25	    5.19615242270663
    26	    5.19615242270663
    27	    5.19615242270663
    28	    5.19615242270663
    29	    5.19615242270663
    30	    5.19615242270663
    31	    5.19615242270663
    32	    5.19615242270663
    33	    5.19615242270663
    34	    5.19615242270663
    35	    5.19615242270663
    36	    5.19615242270663
    37	    5.19615242270663
    38	    5.19615242270663
    39	    5.19615242270663
    40	    5.19615242270663
    0.5	    6.06217782649107
    1.5	    6.06217782649107
    2.5	    6.06217782649107
    3.5	    6.06217782649107
    4.5	    6.06217782649107
    5.5	    6.06217782649107
    6.5	    6.06217782649107
    7.5	    6.06217782649107
    8.5	    6.06217782649107
    9.5	    6.06217782649107
    10.5	    6.06217782649107
    11.5	    6.06217782649107
    12.5	    6.06217782649107
    13.5	    6.06217782649107
    14.5	    6.06217782649107
    15.5	    6.06217782649107
    16.5	    6.06217782649107
    17.5	    6.06217782649107
    18.5	    6.06217782649107
    19.5	    6.06217782649107
    20.5	    6.06217782649107
    21.5	    6.06217782649107
    22.5	    6.06217782649107
    23.5	    6.06217782649107
    24.5	    6.06217782649107
    25.5	    6.06217782649107
    26.5	    6.06217782649107
    27.5	    6.06217782649107
    28.5	    6.06217782649107
    29.5	    6.06217782649107
    30.5	    6.06217782649107
    31.5	    6.06217782649107
    32.5	    6.06217782649107
    33.5	    6.06217782649107
    34.5	    6.06217782649107
    35.5	    6.06217782649107
    36.5	    6.06217782649107
    37.5	    6.06217782649107
    38.5	    6.06217782649107
    39.5	    6.06217782649107
    1	    6.92820323027551
    2	    6.92820323027551
    3	    6.92820323027551
    4	    6.92820323027551
    5	    6.92820323027551
    6	    6.92820323027551
    7	    6.92820323027551
    8	    6.92820323027551
    9	    6.92820323027551
    10	    6.92820323027551
    11	    6.92820323027551
    12	    6.92820323027551
    13	    6.92820323027551
    14	    6.92820323027551
    15	    6.92820323027551
    16	    6.92820323027551
    17	    6.92820323027551
    18	    6.92820323027551
    19	    6.92820323027551
    20	    6.92820323027551
    21	    6.92820323027551
    22	    6.92820323027551
    23	    6.92820323027551
    24	    6.92820323027551
    25	    6.92820323027551
    26	    6.92820323027551
    27	    6.92820323027551
    28	    6.92820323027551
    29	    6.92820323027551
    30	    6.92820323027551
    31	    6.92820323027551
    32	    6.92820323027551
    33	    6.92820323027551
    34	    6.92820323027551
    35	    6.92820323027551
    36	    6.92820323027551
    37	    6.92820323027551
    38	    6.92820323027551
    39	    6.92820323027551
    40	    6.92820323027551
    0.5	    7.79422863405995
    1.5	    7.79422863405995
    2.5	    7.79422863405995
    3.5	    7.79422863405995
    4.5	    7.79422863405995
    5.5	    7.79422863405995
    6.5	    7.79422863405995
    7.5	    7.79422863405995
    8.5	    7.79422863405995
    9.5	    7.79422863405995
    10.5	    7.79422863405995
    11.5	    7.79422863405995
    12.5	    7.79422863405995
    13.5	    7.79422863405995
    14.5	    7.79422863405995
    15.5	    7.79422863405995
    16.5	    7.79422863405995
    17.5	    7.79422863405995
    18.5	    7.79422863405995
    19.5	    7.79422863405995
    20.5	    7.79422863405995
    21.5	    7.79422863405995
    22.5	    7.79422863405995
    23.5	    7.79422863405995
    24.5	    7.79422863405995
    25.5	    7.79422863405995
    26.5	    7.79422863405995
    27.5	    7.79422863405995
    28.5	    7.79422863405995
    29.5	    7.79422863405995
    30.5	    7.79422863405995
    31.5	    7.79422863405995
    32.5	    7.79422863405995
    33.5	    7.79422863405995
    34.5	    7.79422863405995
    35.5	    7.79422863405995
    36.5	    7.79422863405995
    37.5	    7.79422863405995
    38.5	    7.79422863405995
    39.5	    7.79422863405995
    1	    8.66025403784439
    2	    8.66025403784439
    3	    8.66025403784439
    4	    8.66025403784439
    5	    8.66025403784439
    6	    8.66025403784439
    7	    8.66025403784439
    8	    8.66025403784439
    9	    8.66025403784439
    10	    8.66025403784439
    11	    8.66025403784439
    12	    8.66025403784439
    13	    8.66025403784439
    14	    8.66025403784439
    15	    8.66025403784439
    16	    8.66025403784439
    17	    8.66025403784439
    18	    8.66025403784439
    19	    8.66025403784439
    20	    8.66025403784439
    21	    8.66025403784439
    22	    8.66025403784439
    23	    8.66025403784439
    24	    8.66025403784439
    25	    8.66025403784439
    26	    8.66025403784439
    27	    8.66025403784439
    28	    8.66025403784439
    29	    8.66025403784439
    30	    8.66025403784439
    31	    8.66025403784439
    32	    8.66025403784439
    33	    8.66025403784439
    34	    8.66025403784439
    35	    8.66025403784439
    36	    8.66025403784439
    37	    8.66025403784439
    38	    8.66025403784439
    39	    8.66025403784439
    40	    8.66025403784439
    0.5	    9.52627944162882
    1.5	    9.52627944162882
    2.5	    9.52627944162882
    3.5	    9.52627944162882
    4.5	    9.52627944162882
    5.5	    9.52627944162882
    6.5	    9.52627944162882
    7.5	    9.52627944162882
    8.5	    9.52627944162882
    9.5	    9.52627944162882
    10.5	    9.52627944162882
    11.5	    9.52627944162882
    12.5	    9.52627944162882
    13.5	    9.52627944162882
    14.5	    9.52627944162882
    15.5	    9.52627944162882
    16.5	    9.52627944162882
    17.5	    9.52627944162882
    18.5	    9.52627944162882
    19.5	    9.52627944162882
    20.5	    9.52627944162882
    21.5	    9.52627944162882
    22.5	    9.52627944162882
    23.5	    9.52627944162882
    24.5	    9.52627944162882
    25.5	    9.52627944162882
    26.5	    9.52627944162882
    27.5	    9.52627944162882
    28.5	    9.52627944162882
    29.5	    9.52627944162882
    30.5	    9.52627944162882
    31.5	    9.52627944162882
    32.5	    9.52627944162882
    33.5	    9.52627944162882
    34.5	    9.52627944162882
    35.5	    9.52627944162882
    36.5	    9.52627944162882
    37.5	    9.52627944162882
    38.5	    9.52627944162882
    39.5	    9.52627944162882
    1	    10.3923048454133
    2	    10.3923048454133
    3	    10.3923048454133
    4	    10.3923048454133
    5	    10.3923048454133
    6	    10.3923048454133
    7	    10.3923048454133
    8	    10.3923048454133
    9	    10.3923048454133
    10	    10.3923048454133
    11	    10.3923048454133
    12	    10.3923048454133
    13	    10.3923048454133
    14	    10.3923048454133
    15	    10.3923048454133
    16	    10.3923048454133
    17	    10.3923048454133
    18	    10.3923048454133
    19	    10.3923048454133
    20	    10.3923048454133
    21	    10.3923048454133
    22	    10.3923048454133
    23	    10.3923048454133
    24	    10.3923048454133
    25	    10.3923048454133
    26	    10.3923048454133
    27	    10.3923048454133
    28	    10.3923048454133
    29	    10.3923048454133
    30	    10.3923048454133
    31	    10.3923048454133
    32	    10.3923048454133
    33	    10.3923048454133
    34	    10.3923048454133
    35	    10.3923048454133
    36	    10.3923048454133
    37	    10.3923048454133
    38	    10.3923048454133
    39	    10.3923048454133
    40	    10.3923048454133
    0.5	    11.2583302491977
    1.5	    11.2583302491977
    2.5	    11.2583302491977
    3.5	    11.2583302491977
    4.5	    11.2583302491977
    5.5	    11.2583302491977
    6.5	    11.2583302491977
    7.5	    11.2583302491977
    8.5	    11.2583302491977
    9.5	    11.2583302491977
    10.5	    11.2583302491977
    11.5	    11.2583302491977
    12.5	    11.2583302491977
    13.5	    11.2583302491977
    14.5	    11.2583302491977
    15.5	    11.2583302491977
    16.5	    11.2583302491977
    17.5	    11.2583302491977
    18.5	    11.2583302491977
    19.5	    11.2583302491977
    20.5	    11.2583302491977
    21.5	    11.2583302491977
    22.5	    11.2583302491977
    23.5	    11.2583302491977
    24.5	    11.2583302491977
    25.5	    11.2583302491977
    26.5	    11.2583302491977
    27.5	    11.2583302491977
    28.5	    11.2583302491977
    29.5	    11.2583302491977
    30.5	    11.2583302491977
    31.5	    11.2583302491977
    32.5	    11.2583302491977
    33.5	    11.2583302491977
    34.5	    11.2583302491977
    35.5	    11.2583302491977
    36.5	    11.2583302491977
    37.5	    11.2583302491977
    38.5	    11.2583302491977
    39.5	    11.2583302491977
    1	    12.1243556529821
    2	    12.1243556529821
    3	    12.1243556529821
    4	    12.1243556529821
    5	    12.1243556529821
    6	    12.1243556529821
    7	    12.1243556529821
    8	    12.1243556529821
    9	    12.1243556529821
    10	    12.1243556529821
    11	    12.1243556529821
    12	    12.1243556529821
    13	    12.1243556529821
    14	    12.1243556529821
    15	    12.1243556529821
    16	    12.1243556529821
    17	    12.1243556529821
    18	    12.1243556529821
    19	    12.1243556529821
    20	    12.1243556529821
    21	    12.1243556529821
    22	    12.1243556529821
    23	    12.1243556529821
    24	    12.1243556529821
    25	    12.1243556529821
    26	    12.1243556529821
    27	    12.1243556529821
    28	    12.1243556529821
    29	    12.1243556529821
    30	    12.1243556529821
    31	    12.1243556529821
    32	    12.1243556529821
    33	    12.1243556529821
    34	    12.1243556529821
    35	    12.1243556529821
    36	    12.1243556529821
    37	    12.1243556529821
    38	    12.1243556529821
    39	    12.1243556529821
    40	    12.1243556529821
    0.5	    12.9903810567666
    1.5	    12.9903810567666
    2.5	    12.9903810567666
    3.5	    12.9903810567666
    4.5	    12.9903810567666
    5.5	    12.9903810567666
    6.5	    12.9903810567666
    7.5	    12.9903810567666
    8.5	    12.9903810567666
    9.5	    12.9903810567666
    10.5	    12.9903810567666
    11.5	    12.9903810567666
    12.5	    12.9903810567666
    13.5	    12.9903810567666
    14.5	    12.9903810567666
    15.5	    12.9903810567666
    16.5	    12.9903810567666
    17.5	    12.9903810567666
    18.5	    12.9903810567666
    19.5	    12.9903810567666
    20.5	    12.9903810567666
    21.5	    12.9903810567666
    22.5	    12.9903810567666
    23.5	    12.9903810567666
    24.5	    12.9903810567666
    25.5	    12.9903810567666
    26.5	    12.9903810567666
    27.5	    12.9903810567666
    28.5	    12.9903810567666
    29.5	    12.9903810567666
    30.5	    12.9903810567666
    31.5	    12.9903810567666
    32.5	    12.9903810567666
    33.5	    12.9903810567666
    34.5	    12.9903810567666
    35.5	    12.9903810567666
    36.5	    12.9903810567666
    37.5	    12.9903810567666
    38.5	    12.9903810567666
    39.5	    12.9903810567666
    1	    13.856406460551
    2	    13.856406460551
    3	    13.856406460551
    4	    13.856406460551
    5	    13.856406460551
    6	    13.856406460551
    7	    13.856406460551
    8	    13.856406460551
    9	    13.856406460551
    10	    13.856406460551
    11	    13.856406460551
    12	    13.856406460551
    13	    13.856406460551
    14	    13.856406460551
    15	    13.856406460551
    16	    13.856406460551
    17	    13.856406460551
    18	    13.856406460551
    19	    13.856406460551
    20	    13.856406460551
    21	    13.856406460551
    22	    13.856406460551
    23	    13.856406460551
    24	    13.856406460551
    25	    13.856406460551
    26	    13.856406460551
    27	    13.856406460551
    28	    13.856406460551
    29	    13.856406460551
    30	    13.856406460551
    31	    13.856406460551
    32	    13.856406460551
    33	    13.856406460551
    34	    13.856406460551
    35	    13.856406460551
    36	    13.856406460551
    37	    13.856406460551
    38	    13.856406460551
    39	    13.856406460551
    40	    13.856406460551
    0.5	    14.7224318643355
    1.5	    14.7224318643355
    2.5	    14.7224318643355
    3.5	    14.7224318643355
    4.5	    14.7224318643355
    5.5	    14.7224318643355
    6.5	    14.7224318643355
    7.5	    14.7224318643355
    8.5	    14.7224318643355
    9.5	    14.7224318643355
    10.5	    14.7224318643355
    11.5	    14.7224318643355
    12.5	    14.7224318643355
    13.5	    14.7224318643355
    14.5	    14.7224318643355
    15.5	    14.7224318643355
    16.5	    14.7224318643355
    17.5	    14.7224318643355
    18.5	    14.7224318643355
    19.5	    14.7224318643355
    20.5	    14.7224318643355
    21.5	    14.7224318643355
    22.5	    14.7224318643355
    23.5	    14.7224318643355
    24.5	    14.7224318643355
    25.5	    14.7224318643355
    26.5	    14.7224318643355
    27.5	    14.7224318643355
    28.5	    14.7224318643355
    29.5	    14.7224318643355
    30.5	    14.7224318643355
    31.5	    14.7224318643355
    32.5	    14.7224318643355
    33.5	    14.7224318643355
    34.5	    14.7224318643355
    35.5	    14.7224318643355
    36.5	    14.7224318643355
    37.5	    14.7224318643355
    38.5	    14.7224318643355
    39.5	    14.7224318643355
    1	    15.5884572681199
    2	    15.5884572681199
    3	    15.5884572681199
    4	    15.5884572681199
    5	    15.5884572681199
    6	    15.5884572681199
    7	    15.5884572681199
    8	    15.5884572681199
    9	    15.5884572681199
    10	    15.5884572681199
    11	    15.5884572681199
    12	    15.5884572681199
    13	    15.5884572681199
    14	    15.5884572681199
    15	    15.5884572681199
    16	    15.5884572681199
    17	    15.5884572681199
    18	    15.5884572681199
    19	    15.5884572681199
    20	    15.5884572681199
    21	    15.5884572681199
    22	    15.5884572681199
    23	    15.5884572681199
    24	    15.5884572681199
    25	    15.5884572681199
    26	    15.5884572681199
    27	    15.5884572681199
    28	    15.5884572681199
    29	    15.5884572681199
    30	    15.5884572681199
    31	    15.5884572681199
    32	    15.5884572681199
    33	    15.5884572681199
    34	    15.5884572681199
    35	    15.5884572681199
    36	    15.5884572681199
    37	    15.5884572681199
    38	    15.5884572681199
    39	    15.5884572681199
    40	    15.5884572681199
    0.5	    16.4544826719043
    1.5	    16.4544826719043
    2.5	    16.4544826719043
    3.5	    16.4544826719043
    4.5	    16.4544826719043
    5.5	    16.4544826719043
    6.5	    16.4544826719043
    7.5	    16.4544826719043
    8.5	    16.4544826719043
    9.5	    16.4544826719043
    10.5	    16.4544826719043
    11.5	    16.4544826719043
    12.5	    16.4544826719043
    13.5	    16.4544826719043
    14.5	    16.4544826719043
    15.5	    16.4544826719043
    16.5	    16.4544826719043
    17.5	    16.4544826719043
    18.5	    16.4544826719043
    19.5	    16.4544826719043
    20.5	    16.4544826719043
    21.5	    16.4544826719043
    22.5	    16.4544826719043
    23.5	    16.4544826719043
    24.5	    16.4544826719043
    25.5	    16.4544826719043
    26.5	    16.4544826719043
    27.5	    16.4544826719043
    28.5	    16.4544826719043
    29.5	    16.4544826719043
    30.5	    16.4544826719043
    31.5	    16.4544826719043
    32.5	    16.4544826719043
    33.5	    16.4544826719043
    34.5	    16.4544826719043
    35.5	    16.4544826719043
    36.5	    16.4544826719043
    37.5	    16.4544826719043
    38.5	    16.4544826719043
    39.5	    16.4544826719043
    1	    17.3205080756888
    2	    17.3205080756888
    3	    17.3205080756888
    4	    17.3205080756888
    5	    17.3205080756888
    6	    17.3205080756888
    7	    17.3205080756888
    8	    17.3205080756888
    9	    17.3205080756888
    10	    17.3205080756888
    11	    17.3205080756888
    12	    17.3205080756888
    13	    17.3205080756888
    14	    17.3205080756888
    15	    17.3205080756888
    16	    17.3205080756888
    17	    17.3205080756888
    18	    17.3205080756888
    19	    17.3205080756888
    20	    17.3205080756888
    21	    17.3205080756888
    22	    17.3205080756888
    23	    17.3205080756888
    24	    17.3205080756888
    25	    17.3205080756888
    26	    17.3205080756888
    27	    17.3205080756888
    28	    17.3205080756888
    29	    17.3205080756888
    30	    17.3205080756888
    31	    17.3205080756888
    32	    17.3205080756888
    33	    17.3205080756888
    34	    17.3205080756888
    35	    17.3205080756888
    36	    17.3205080756888
    37	    17.3205080756888
    38	    17.3205080756888
    39	    17.3205080756888
    40	    17.3205080756888
    0.5	    18.1865334794732
    1.5	    18.1865334794732
    2.5	    18.1865334794732
    3.5	    18.1865334794732
    4.5	    18.1865334794732
    5.5	    18.1865334794732
    6.5	    18.1865334794732
    7.5	    18.1865334794732
    8.5	    18.1865334794732
    9.5	    18.1865334794732
    10.5	    18.1865334794732
    11.5	    18.1865334794732
    12.5	    18.1865334794732
    13.5	    18.1865334794732
    14.5	    18.1865334794732
    15.5	    18.1865334794732
    16.5	    18.1865334794732
    17.5	    18.1865334794732
    18.5	    18.1865334794732
    19.5	    18.1865334794732
    20.5	    18.1865334794732
    21.5	    18.1865334794732
    22.5	    18.1865334794732
    23.5	    18.1865334794732
    24.5	    18.1865334794732
    25.5	    18.1865334794732
    26.5	    18.1865334794732
    27.5	    18.1865334794732
    28.5	    18.1865334794732
    29.5	    18.1865334794732
    30.5	    18.1865334794732
    31.5	    18.1865334794732
    32.5	    18.1865334794732
    33.5	    18.1865334794732
    34.5	    18.1865334794732
    35.5	    18.1865334794732
    36.5	    18.1865334794732
    37.5	    18.1865334794732
    38.5	    18.1865334794732
    39.5	    18.1865334794732
    1	    19.0525588832576
    2	    19.0525588832576
    3	    19.0525588832576
    4	    19.0525588832576
    5	    19.0525588832576
    6	    19.0525588832576
    7	    19.0525588832576
    8	    19.0525588832576
    9	    19.0525588832576
    10	    19.0525588832576
    11	    19.0525588832576
    12	    19.0525588832576
    13	    19.0525588832576
    14	    19.0525588832576
    15	    19.0525588832576
    16	    19.0525588832576
    17	    19.0525588832576
    18	    19.0525588832576
    19	    19.0525588832576
    20	    19.0525588832576
    21	    19.0525588832576
    22	    19.0525588832576
    23	    19.0525588832576
    24	    19.0525588832576
    25	    19.0525588832576
    26	    19.0525588832576
    27	    19.0525588832576
    28	    19.0525588832576
    29	    19.0525588832576
    30	    19.0525588832576
    31	    19.0525588832576
    32	    19.0525588832576
    33	    19.0525588832576
    34	    19.0525588832576
    35	    19.0525588832576
    36	    19.0525588832576
    37	    19.0525588832576
    38	    19.0525588832576
    39	    19.0525588832576
    40	    19.0525588832576
    0.5	    19.9185842870421
    1.5	    19.9185842870421
    2.5	    19.9185842870421
    3.5	    19.9185842870421
    4.5	    19.9185842870421
    5.5	    19.9185842870421
    6.5	    19.9185842870421
    7.5	    19.9185842870421
    8.5	    19.9185842870421
    9.5	    19.9185842870421
    10.5	    19.9185842870421
    11.5	    19.9185842870421
    12.5	    19.9185842870421
    13.5	    19.9185842870421
    14.5	    19.9185842870421
    15.5	    19.9185842870421
    16.5	    19.9185842870421
    17.5	    19.9185842870421
    18.5	    19.9185842870421
    19.5	    19.9185842870421
    20.5	    19.9185842870421
    21.5	    19.9185842870421
    22.5	    19.9185842870421
    23.5	    19.9185842870421
    24.5	    19.9185842870421
    25.5	    19.9185842870421
    26.5	    19.9185842870421
    27.5	    19.9185842870421
    28.5	    19.9185842870421
    29.5	    19.9185842870421
    30.5	    19.9185842870421
    31.5	    19.9185842870421
    32.5	    19.9185842870421
    33.5	    19.9185842870421
    34.5	    19.9185842870421
    35.5	    19.9185842870421
    36.5	    19.9185842870421
    37.5	    19.9185842870421
    38.5	    19.9185842870421
    39.5	    19.9185842870421
    1	    20.7846096908265
    2	    20.7846096908265
    3	    20.7846096908265
    4	    20.7846096908265
    5	    20.7846096908265
    6	    20.7846096908265
    7	    20.7846096908265
    8	    20.7846096908265
    9	    20.7846096908265
    10	    20.7846096908265
    11	    20.7846096908265
    12	    20.7846096908265
    13	    20.7846096908265
    14	    20.7846096908265
    15	    20.7846096908265
    16	    20.7846096908265
    17	    20.7846096908265
    18	    20.7846096908265
    19	    20.7846096908265
    20	    20.7846096908265
    21	    20.7846096908265
    22	    20.7846096908265
    23	    20.7846096908265
    24	    20.7846096908265
    25	    20.7846096908265
    26	    20.7846096908265
    27	    20.7846096908265
    28	    20.7846096908265
    29	    20.7846096908265
    30	    20.7846096908265
    31	    20.7846096908265
    32	    20.7846096908265
    33	    20.7846096908265
    34	    20.7846096908265
    35	    20.7846096908265
    36	    20.7846096908265
    37	    20.7846096908265
    38	    20.7846096908265
    39	    20.7846096908265
    40	    20.7846096908265
    0.5	    21.650635094611
    1.5	    21.650635094611
    2.5	    21.650635094611
    3.5	    21.650635094611
    4.5	    21.650635094611
    5.5	    21.650635094611
    6.5	    21.650635094611
    7.5	    21.650635094611
    8.5	    21.650635094611
    9.5	    21.650635094611
    10.5	    21.650635094611
    11.5	    21.650635094611
    12.5	    21.650635094611
    13.5	    21.650635094611
    14.5	    21.650635094611
    15.5	    21.650635094611
    16.5	    21.650635094611
    17.5	    21.650635094611
    18.5	    21.650635094611
    19.5	    21.650635094611
    20.5	    21.650635094611
    21.5	    21.650635094611
    22.5	    21.650635094611
    23.5	    21.650635094611
    24.5	    21.650635094611
    25.5	    21.650635094611
    26.5	    21.650635094611
    27.5	    21.650635094611
    28.5	    21.650635094611
    29.5	    21.650635094611
    30.5	    21.650635094611
    31.5	    21.650635094611
    32.5	    21.650635094611
    33.5	    21.650635094611
    34.5	    21.650635094611
    35.5	    21.650635094611
    36.5	    21.650635094611
    37.5	    21.650635094611
    38.5	    21.650635094611
    39.5	    21.650635094611
    1	    22.5166604983954
    2	    22.5166604983954
    3	    22.5166604983954
    4	    22.5166604983954
    5	    22.5166604983954
    6	    22.5166604983954
    7	    22.5166604983954
    8	    22.5166604983954
    9	    22.5166604983954
    10	    22.5166604983954
    11	    22.5166604983954
    12	    22.5166604983954
    13	    22.5166604983954
    14	    22.5166604983954
    15	    22.5166604983954
    16	    22.5166604983954
    17	    22.5166604983954
    18	    22.5166604983954
    19	    22.5166604983954
    20	    22.5166604983954
    21	    22.5166604983954
    22	    22.5166604983954
    23	    22.5166604983954
    24	    22.5166604983954
    25	    22.5166604983954
    26	    22.5166604983954
    27	    22.5166604983954
    28	    22.5166604983954
    29	    22.5166604983954
    30	    22.5166604983954
    31	    22.5166604983954
    32	    22.5166604983954
    33	    22.5166604983954
    34	    22.5166604983954
    35	    22.5166604983954
    36	    22.5166604983954
    37	    22.5166604983954
    38	    22.5166604983954
    39	    22.5166604983954
    40	    22.5166604983954
    0.5	    23.3826859021798
    1.5	    23.3826859021798
    2.5	    23.3826859021798
    3.5	    23.3826859021798
    4.5	    23.3826859021798
    5.5	    23.3826859021798
    6.5	    23.3826859021798
    7.5	    23.3826859021798
    8.5	    23.3826859021798
    9.5	    23.3826859021798
    10.5	    23.3826859021798
    11.5	    23.3826859021798
    12.5	    23.3826859021798
    13.5	    23.3826859021798
    14.5	    23.3826859021798
    15.5	    23.3826859021798
    16.5	    23.3826859021798
    17.5	    23.3826859021798
    18.5	    23.3826859021798
    19.5	    23.3826859021798
    20.5	    23.3826859021798
    21.5	    23.3826859021798
    22.5	    23.3826859021798
    23.5	    23.3826859021798
    24.5	    23.3826859021798
    25.5	    23.3826859021798
    26.5	    23.3826859021798
    27.5	    23.3826859021798
    28.5	    23.3826859021798
    29.5	    23.3826859021798
    30.5	    23.3826859021798
    31.5	    23.3826859021798
    32.5	    23.3826859021798
    33.5	    23.3826859021798
    34.5	    23.3826859021798
    35.5	    23.3826859021798
    36.5	    23.3826859021798
    37.5	    23.3826859021798
    38.5	    23.3826859021798
    39.5	    23.3826859021798
    1	    24.2487113059643
    2	    24.2487113059643
    3	    24.2487113059643
    4	    24.2487113059643
    5	    24.2487113059643
    6	    24.2487113059643
    7	    24.2487113059643
    8	    24.2487113059643
    9	    24.2487113059643
    10	    24.2487113059643
    11	    24.2487113059643
    12	    24.2487113059643
    13	    24.2487113059643
    14	    24.2487113059643
    15	    24.2487113059643
    16	    24.2487113059643
    17	    24.2487113059643
    18	    24.2487113059643
    19	    24.2487113059643
    20	    24.2487113059643
    21	    24.2487113059643
    22	    24.2487113059643
    23	    24.2487113059643
    24	    24.2487113059643
    25	    24.2487113059643
    26	    24.2487113059643
    27	    24.2487113059643
    28	    24.2487113059643
    29	    24.2487113059643
    30	    24.2487113059643
    31	    24.2487113059643
    32	    24.2487113059643
    33	    24.2487113059643
    34	    24.2487113059643
    35	    24.2487113059643
    36	    24.2487113059643
    37	    24.2487113059643
    38	    24.2487113059643
    39	    24.2487113059643
    40	    24.2487113059643
    0.5	    25.1147367097487
    1.5	    25.1147367097487
    2.5	    25.1147367097487
    3.5	    25.1147367097487
    4.5	    25.1147367097487
    5.5	    25.1147367097487
    6.5	    25.1147367097487
    7.5	    25.1147367097487
    8.5	    25.1147367097487
    9.5	    25.1147367097487
    10.5	    25.1147367097487
    11.5	    25.1147367097487
    12.5	    25.1147367097487
    13.5	    25.1147367097487
    14.5	    25.1147367097487
    15.5	    25.1147367097487
    16.5	    25.1147367097487
    17.5	    25.1147367097487
    18.5	    25.1147367097487
    19.5	    25.1147367097487
    20.5	    25.1147367097487
    21.5	    25.1147367097487
    22.5	    25.1147367097487
    23.5	    25.1147367097487
    24.5	    25.1147367097487
    25.5	    25.1147367097487
    26.5	    25.1147367097487
    27.5	    25.1147367097487
    28.5	    25.1147367097487
    29.5	    25.1147367097487
    30.5	    25.1147367097487
    31.5	    25.1147367097487
    32.5	    25.1147367097487
    33.5	    25.1147367097487
    34.5	    25.1147367097487
    35.5	    25.1147367097487
    36.5	    25.1147367097487
    37.5	    25.1147367097487
    38.5	    25.1147367097487
    39.5	    25.1147367097487
    1	    25.9807621135332
    2	    25.9807621135332
    3	    25.9807621135332
    4	    25.9807621135332
    5	    25.9807621135332
    6	    25.9807621135332
    7	    25.9807621135332
    8	    25.9807621135332
    9	    25.9807621135332
    10	    25.9807621135332
    11	    25.9807621135332
    12	    25.9807621135332
    13	    25.9807621135332
    14	    25.9807621135332
    15	    25.9807621135332
    16	    25.9807621135332
    17	    25.9807621135332
    18	    25.9807621135332
    19	    25.9807621135332
    20	    25.9807621135332
    21	    25.9807621135332
    22	    25.9807621135332
    23	    25.9807621135332
    24	    25.9807621135332
    25	    25.9807621135332
    26	    25.9807621135332
    27	    25.9807621135332
    28	    25.9807621135332
    29	    25.9807621135332
    30	    25.9807621135332
    31	    25.9807621135332
    32	    25.9807621135332
    33	    25.9807621135332
    34	    25.9807621135332
    35	    25.9807621135332
    36	    25.9807621135332
    37	    25.9807621135332
    38	    25.9807621135332
    39	    25.9807621135332
    40	    25.9807621135332
    0.5	    26.8467875173176
    1.5	    26.8467875173176
    2.5	    26.8467875173176
    3.5	    26.8467875173176
    4.5	    26.8467875173176
    5.5	    26.8467875173176
    6.5	    26.8467875173176
    7.5	    26.8467875173176
    8.5	    26.8467875173176
    9.5	    26.8467875173176
    10.5	    26.8467875173176
    11.5	    26.8467875173176
    12.5	    26.8467875173176
    13.5	    26.8467875173176
    14.5	    26.8467875173176
    15.5	    26.8467875173176
    16.5	    26.8467875173176
    17.5	    26.8467875173176
    18.5	    26.8467875173176
    19.5	    26.8467875173176
    20.5	    26.8467875173176
    21.5	    26.8467875173176
    22.5	    26.8467875173176
    23.5	    26.8467875173176
    24.5	    26.8467875173176
    25.5	    26.8467875173176
    26.5	    26.8467875173176
    27.5	    26.8467875173176
    28.5	    26.8467875173176
    29.5	    26.8467875173176
    30.5	    26.8467875173176
    31.5	    26.8467875173176
    32.5	    26.8467875173176
    33.5	    26.8467875173176
    34.5	    26.8467875173176
    35.5	    26.8467875173176
    36.5	    26.8467875173176
    37.5	    26.8467875173176
    38.5	    26.8467875173176
    39.5	    26.8467875173176
    1	    27.712812921102
    2	    27.712812921102
    3	    27.712812921102
    4	    27.712812921102
    5	    27.712812921102
    6	    27.712812921102
    7	    27.712812921102
    8	    27.712812921102
    9	    27.712812921102
    10	    27.712812921102
    11	    27.712812921102
    12	    27.712812921102
    13	    27.712812921102
    14	    27.712812921102
    15	    27.712812921102
    16	    27.712812921102
    17	    27.712812921102
    18	    27.712812921102
    19	    27.712812921102
    20	    27.712812921102
    21	    27.712812921102
    22	    27.712812921102
    23	    27.712812921102
    24	    27.712812921102
    25	    27.712812921102
    26	    27.712812921102
    27	    27.712812921102
    28	    27.712812921102
    29	    27.712812921102
    30	    27.712812921102
    31	    27.712812921102
    32	    27.712812921102
    33	    27.712812921102
    34	    27.712812921102
    35	    27.712812921102
    36	    27.712812921102
    37	    27.712812921102
    38	    27.712812921102
    39	    27.712812921102
    40	    27.712812921102
    0.5	    28.5788383248865
    1.5	    28.5788383248865
    2.5	    28.5788383248865
    3.5	    28.5788383248865
    4.5	    28.5788383248865
    5.5	    28.5788383248865
    6.5	    28.5788383248865
    7.5	    28.5788383248865
    8.5	    28.5788383248865
    9.5	    28.5788383248865
    10.5	    28.5788383248865
    11.5	    28.5788383248865
    12.5	    28.5788383248865
    13.5	    28.5788383248865
    14.5	    28.5788383248865
    15.5	    28.5788383248865
    16.5	    28.5788383248865
    17.5	    28.5788383248865
    18.5	    28.5788383248865
    19.5	    28.5788383248865
    20.5	    28.5788383248865
    21.5	    28.5788383248865
    22.5	    28.5788383248865
    23.5	    28.5788383248865
    24.5	    28.5788383248865
    25.5	    28.5788383248865
    26.5	    28.5788383248865
    27.5	    28.5788383248865
    28.5	    28.5788383248865
    29.5	    28.5788383248865
    30.5	    28.5788383248865
    31.5	    28.5788383248865
    32.5	    28.5788383248865
    33.5	    28.5788383248865
    34.5	    28.5788383248865
    35.5	    28.5788383248865
    36.5	    28.5788383248865
    37.5	    28.5788383248865
    38.5	    28.5788383248865
    39.5	    28.5788383248865
    1	    29.4448637286709
    2	    29.4448637286709
    3	    29.4448637286709
    4	    29.4448637286709
    5	    29.4448637286709
    6	    29.4448637286709
    7	    29.4448637286709
    8	    29.4448637286709
    9	    29.4448637286709
    10	    29.4448637286709
    11	    29.4448637286709
    12	    29.4448637286709
    13	    29.4448637286709
    14	    29.4448637286709
    15	    29.4448637286709
    16	    29.4448637286709
    17	    29.4448637286709
    18	    29.4448637286709
    19	    29.4448637286709
    20	    29.4448637286709
    21	    29.4448637286709
    22	    29.4448637286709
    23	    29.4448637286709
    24	    29.4448637286709
    25	    29.4448637286709
    26	    29.4448637286709
    27	    29.4448637286709
    28	    29.4448637286709
    29	    29.4448637286709
    30	    29.4448637286709
    31	    29.4448637286709
    32	    29.4448637286709
    33	    29.4448637286709
    34	    29.4448637286709
    35	    29.4448637286709
    36	    29.4448637286709
    37	    29.4448637286709
    38	    29.4448637286709
    39	    29.4448637286709
    40	    29.4448637286709
    0.5	    30.3108891324554
    1.5	    30.3108891324554
    2.5	    30.3108891324554
    3.5	    30.3108891324554
    4.5	    30.3108891324554
    5.5	    30.3108891324554
    6.5	    30.3108891324554
    7.5	    30.3108891324554
    8.5	    30.3108891324554
    9.5	    30.3108891324554
    10.5	    30.3108891324554
    11.5	    30.3108891324554
    12.5	    30.3108891324554
    13.5	    30.3108891324554
    14.5	    30.3108891324554
    15.5	    30.3108891324554
    16.5	    30.3108891324554
    17.5	    30.3108891324554
    18.5	    30.3108891324554
    19.5	    30.3108891324554
    20.5	    30.3108891324554
    21.5	    30.3108891324554
    22.5	    30.3108891324554
    23.5	    30.3108891324554
    24.5	    30.3108891324554
    25.5	    30.3108891324554
    26.5	    30.3108891324554
    27.5	    30.3108891324554
    28.5	    30.3108891324554
    29.5	    30.3108891324554
    30.5	    30.3108891324554
    31.5	    30.3108891324554
    32.5	    30.3108891324554
    33.5	    30.3108891324554
    34.5	    30.3108891324554
    35.5	    30.3108891324554
    36.5	    30.3108891324554
    37.5	    30.3108891324554
    38.5	    30.3108891324554
    39.5	    30.3108891324554
    1	    31.1769145362398
    2	    31.1769145362398
    3	    31.1769145362398
    4	    31.1769145362398
    5	    31.1769145362398
    6	    31.1769145362398
    7	    31.1769145362398
    8	    31.1769145362398
    9	    31.1769145362398
    10	    31.1769145362398
    11	    31.1769145362398
    12	    31.1769145362398
    13	    31.1769145362398
    14	    31.1769145362398
    15	    31.1769145362398
    16	    31.1769145362398
    17	    31.1769145362398
    18	    31.1769145362398
    19	    31.1769145362398
    20	    31.1769145362398
    21	    31.1769145362398
    22	    31.1769145362398
    23	    31.1769145362398
    24	    31.1769145362398
    25	    31.1769145362398
    26	    31.1769145362398
    27	    31.1769145362398
    28	    31.1769145362398
    29	    31.1769145362398
    30	    31.1769145362398
    31	    31.1769145362398
    32	    31.1769145362398
    33	    31.1769145362398
    34	    31.1769145362398
    35	    31.1769145362398
    36	    31.1769145362398
    37	    31.1769145362398
    38	    31.1769145362398
    39	    31.1769145362398
    40	    31.1769145362398
    0.5	    32.0429399400242
    1.5	    32.0429399400242
    2.5	    32.0429399400242
    3.5	    32.0429399400242
    4.5	    32.0429399400242
    5.5	    32.0429399400242
    6.5	    32.0429399400242
    7.5	    32.0429399400242
    8.5	    32.0429399400242
    9.5	    32.0429399400242
    10.5	    32.0429399400242
    11.5	    32.0429399400242
    12.5	    32.0429399400242
    13.5	    32.0429399400242
    14.5	    32.0429399400242
    15.5	    32.0429399400242
    16.5	    32.0429399400242
    17.5	    32.0429399400242
    18.5	    32.0429399400242
    19.5	    32.0429399400242
    20.5	    32.0429399400242
    21.5	    32.0429399400242
    22.5	    32.0429399400242
    23.5	    32.0429399400242
    24.5	    32.0429399400242
    25.5	    32.0429399400242
    26.5	    32.0429399400242
    27.5	    32.0429399400242
    28.5	    32.0429399400242
    29.5	    32.0429399400242
    30.5	    32.0429399400242
    31.5	    32.0429399400242
    32.5	    32.0429399400242
    33.5	    32.0429399400242
    34.5	    32.0429399400242
    35.5	    32.0429399400242
    36.5	    32.0429399400242
    37.5	    32.0429399400242
    38.5	    32.0429399400242
    39.5	    32.0429399400242
    1	    32.9089653438087
    2	    32.9089653438087
    3	    32.9089653438087
    4	    32.9089653438087
    5	    32.9089653438087
    6	    32.9089653438087
    7	    32.9089653438087
    8	    32.9089653438087
    9	    32.9089653438087
    10	    32.9089653438087
    11	    32.9089653438087
    12	    32.9089653438087
    13	    32.9089653438087
    14	    32.9089653438087
    15	    32.9089653438087
    16	    32.9089653438087
    17	    32.9089653438087
    18	    32.9089653438087
    19	    32.9089653438087
    20	    32.9089653438087
    21	    32.9089653438087
    22	    32.9089653438087
    23	    32.9089653438087
    24	    32.9089653438087
    25	    32.9089653438087
    26	    32.9089653438087
    27	    32.9089653438087
    28	    32.9089653438087
    29	    32.9089653438087
    30	    32.9089653438087
    31	    32.9089653438087
    32	    32.9089653438087
    33	    32.9089653438087
    34	    32.9089653438087
    35	    32.9089653438087
    36	    32.9089653438087
    37	    32.9089653438087
    38	    32.9089653438087
    39	    32.9089653438087
    40	    32.9089653438087
    0.5	    33.7749907475931
    1.5	    33.7749907475931
    2.5	    33.7749907475931
    3.5	    33.7749907475931
    4.5	    33.7749907475931
    5.5	    33.7749907475931
    6.5	    33.7749907475931
    7.5	    33.7749907475931
    8.5	    33.7749907475931
    9.5	    33.7749907475931
    10.5	    33.7749907475931
    11.5	    33.7749907475931
    12.5	    33.7749907475931
    13.5	    33.7749907475931
    14.5	    33.7749907475931
    15.5	    33.7749907475931
    16.5	    33.7749907475931
    17.5	    33.7749907475931
    18.5	    33.7749907475931
    19.5	    33.7749907475931
    20.5	    33.7749907475931
    21.5	    33.7749907475931
    22.5	    33.7749907475931
    23.5	    33.7749907475931
    24.5	    33.7749907475931
    25.5	    33.7749907475931
    26.5	    33.7749907475931
    27.5	    33.7749907475931
    28.5	    33.7749907475931
    29.5	    33.7749907475931
    30.5	    33.7749907475931
    31.5	    33.7749907475931
    32.5	    33.7749907475931
    33.5	    33.7749907475931
    34.5	    33.7749907475931
    35.5	    33.7749907475931
    36.5	    33.7749907475931
    37.5	    33.7749907475931
    38.5	    33.7749907475931
    39.5	    33.7749907475931
    1	    34.6410161513775
    2	    34.6410161513775
    3	    34.6410161513775
    4	    34.6410161513775
    5	    34.6410161513775
    6	    34.6410161513775
    7	    34.6410161513775
    8	    34.6410161513775
    9	    34.6410161513775
    10	    34.6410161513775
    11	    34.6410161513775
    12	    34.6410161513775
    13	    34.6410161513775
    14	    34.6410161513775
    15	    34.6410161513775
    16	    34.6410161513775
    17	    34.6410161513775
    18	    34.6410161513775
    19	    34.6410161513775
    20	    34.6410161513775
    21	    34.6410161513775
    22	    34.6410161513775
    23	    34.6410161513775
    24	    34.6410161513775
    25	    34.6410161513775
    26	    34.6410161513775
    27	    34.6410161513775
    28	    34.6410161513775
    29	    34.6410161513775
    30	    34.6410161513775
    31	    34.6410161513775
    32	    34.6410161513775
    33	    34.6410161513775
    34	    34.6410161513775
    35	    34.6410161513775
    36	    34.6410161513775
    37	    34.6410161513775
    38	    34.6410161513775
    39	    34.6410161513775
    40	    34.6410161513775
